   3.1415927410125735E-002   6.7604985255682462E-038   1.0490507146620930E-032
   6.2831854820251470E-002   6.7604985255682462E-038   4.1738763402611656E-032
   9.4247782230377206E-002   6.7604985255682462E-038   9.3081217819072262E-032
  0.12566370964050294        6.7604985255682462E-038   1.6343024081107486E-031
  0.15707963705062866        6.7604985255682462E-038   2.5130123710995247E-031
  0.18849556446075438        6.7604985255682462E-038   3.5484941414046870E-031
  0.21991149187088010        6.7604985255682462E-038   4.7191522018724521E-031
  0.25132741928100583        6.7604985255682462E-038   6.0007715641378366E-031
  0.28274334669113155        6.7604985255682462E-038   7.3671046506409526E-031
  0.31415927410125727        6.7604985255682462E-038   8.7905004161501400E-031
  0.34557520151138299        6.7604985255682462E-038   1.0242558158869762E-030
  0.37699112892150871        6.7604985255682462E-038   1.1694787990638414E-030
  0.40840705633163443        6.7604985255682462E-038   1.3119260012993432E-030
  0.43982298374176015        6.7604985255682462E-038   1.4489224873317238E-030
  0.47123891115188588        6.7604985255682462E-038   1.5779689527078785E-030
  0.50265483856201165        6.7604985255682462E-038   1.6967933665364781E-030
  0.53407076597213743        6.7604985255682462E-038   1.8033954322873809E-030
  0.56548669338226321        6.7604985255682462E-038   1.8960828588216961E-030
  0.59690262079238898        6.7604985255682462E-038   1.9734987012643322E-030
  0.62831854820251476        6.7604985255682462E-038   2.0346393164033449E-030
  0.65973447561264054        6.7604985255682462E-038   2.0788627704123411E-030
  0.69115040302276631        6.7604985255682462E-038   2.1058878280813147E-030
  0.72256633043289209        6.7604985255682462E-038   2.1157839328234891E-030
  0.75398225784301787        6.7604985255682462E-038   2.1089528464243303E-030
  0.78539818525314364        6.7604985255682462E-038   2.0861028485514066E-030
  0.81681411266326942        6.7604985255682462E-038   2.0482165912809055E-030
  0.84823004007339520        6.7604985255682462E-038   1.9965138574799057E-030
  0.87964596748352097        6.7604985255682462E-038   1.9324105794947396E-030
  0.91106189489364675        6.7604985255682462E-038   1.8574755335730270E-030
  0.94247782230377253        6.7604985255682462E-038   1.7733861348598849E-030
  0.97389374971389830        6.7604985255682462E-038   1.6818847184742684E-030
   1.0053096771240240        6.7604985255682462E-038   1.5847366066054462E-030
   1.0367256045341497        6.7604985255682462E-038   1.4836911338812124E-030
   1.0681415319442755        6.7604985255682462E-038   1.3804466389882181E-030
   1.0995574593544013        6.7604985255682462E-038   1.2766202364273586E-030
   1.1309733867645271        6.7604985255682462E-038   1.1737229660852699E-030
   1.1623893141746529        6.7604985255682462E-038   1.0731406883940263E-030
   1.1938052415847786        6.7604985255682462E-038   9.7612085800131274E-031
   1.2252211689949044        6.7604985255682462E-038   8.8376507789576097E-031
   1.2566370964050302        6.7604985255682462E-038   7.9702711736763827E-031
   1.2880530238151560        6.7604985255682462E-038   7.1671587899361442E-031
   1.3194689512252817        6.7604985255682462E-038   6.4350262910990721E-031
   1.3508848786354075        6.7604985255682462E-038   5.7793166895584297E-031
   1.3823008060455333        6.7604985255682462E-038   5.2043352447610391E-031
   1.4137167334556591        6.7604985255682462E-038   4.7133967482037272E-031
   1.4451326608657848        6.7604985255682462E-038   4.3089782443322453E-031
   1.4765485882759106        6.7604985255682462E-038   3.9928675120046214E-031
   1.5079645156860364        6.7604985255682462E-038   3.7662983169499939E-031
   1.5393804430961622        6.7604985255682462E-038   3.6300645087160790E-031
   1.5707963705062880        6.7604985255682462E-038   3.5846064289167347E-031
   1.6022122979164137        6.7604985255682462E-038   3.6300647616496517E-031
   1.6336282253265395        6.7604985255682462E-038   3.7662988220256295E-031
   1.6650441527366653        6.7604985255682462E-038   3.9928682675379903E-031
   1.6964600801467911        6.7604985255682462E-038   4.3089792475491991E-031
   1.7278760075569168        6.7604985255682462E-038   4.7133979949586530E-031
   1.7592919349670426        6.7604985255682462E-038   5.2043367291865462E-031
   1.7907078623771684        6.7604985255682462E-038   5.7793184036666124E-031
   1.8221237897872942        6.7604985255682462E-038   6.4350282243580575E-031
   1.8535397171974199        6.7604985255682462E-038   7.1671609288480693E-031
   1.8849556446075457        6.7604985255682462E-038   7.9702735013843355E-031
   1.9163715720176715        6.7604985255682462E-038   8.8376532749092011E-031
   1.9477874994277973        6.7604985255682462E-038   9.7612112197072931E-031
   1.9792034268379231        6.7604985255682462E-038   1.0731409638781877E-030
   2.0106193542480488        6.7604985255682462E-038   1.1737232498136036E-030
   2.0420352816581744        6.7604985255682462E-038   1.2766205247311564E-030
   2.0734512090682999        6.7604985255682462E-038   1.3804469278292995E-030
   2.1048671364784255        6.7604985255682462E-038   1.4836914188969199E-030
   2.1362830638885510        6.7604985255682462E-038   1.5847368831699175E-030
   2.1676989912986766        6.7604985255682462E-038   1.6818849817752994E-030
   2.1991149187088022        6.7604985255682462E-038   1.7733863799900181E-030
   2.2305308461189277        6.7604985255682462E-038   1.8574757556329295E-030
   2.2619467735290533        6.7604985255682462E-038   1.9324107737062696E-030
   2.2933627009391788        6.7604985255682462E-038   1.9965140193058762E-030
   2.3247786283493044        6.7604985255682462E-038   2.0482167165480399E-030
   2.3561945557594299        6.7604985255682462E-038   2.0861029335727512E-030
   2.3876104831695555        6.7604985255682462E-038   2.1089528881172024E-030
   2.4190264105796810        6.7604985255682462E-038   2.1157839288189544E-030
   2.4504423379898066        6.7604985255682462E-038   2.1058877768213422E-030
   2.4818582653999322        6.7604985255682462E-038   2.0788626712309729E-030
   2.5132741928100577        6.7604985255682462E-038   2.0346391695886098E-030
   2.5446901202201833        6.7604985255682462E-038   1.9734985080981029E-030
   2.5761060476303088        6.7604985255682462E-038   1.8960826215952796E-030
   2.6075219750404344        6.7604985255682462E-038   1.8033951542913592E-030
   2.6389379024505599        6.7604985255682462E-038   1.6967930520240208E-030
   2.6703538298606855        6.7604985255682462E-038   1.5779686068315768E-030
   2.7017697572708110        6.7604985255682462E-038   1.4489221160547987E-030
   2.7331856846809366        6.7604985255682462E-038   1.3119256112829122E-030
   2.7646016120910621        6.7604985255682462E-038   1.1694783975326733E-030
   2.7960175395011877        6.7604985255682462E-038   1.0242554104769015E-030
   2.8274334669113133        6.7604985255682462E-038   8.7904964020575149E-031
   2.8588493943214388        6.7604985255682462E-038   7.3671007560180258E-031
   2.8902653217315644        6.7604985255682462E-038   6.0007678672801629E-031
   2.9216812491416899        6.7604985255682462E-038   4.7191487780724865E-031
   2.9530971765518155        6.7604985255682462E-038   3.5484910611584239E-031
   2.9845131039619410        6.7604985255682462E-038   2.5130096984066609E-031
   3.0159290313720666        6.7604985255682462E-038   1.6343001989159240E-031
   3.0473449587821921        6.7604985255682462E-038   9.3081047900998089E-032
   3.0787608861923177        6.7604985255682462E-038   4.1738648079761054E-032
   3.1101768136024432        6.7604985255682462E-038   1.0490448865804817E-032
   3.1415927410125688        6.7604985255682462E-038   6.7605066635091732E-038
   3.1730086684226944        6.7604985255682462E-038   1.0490565427597838E-032
   3.2044245958328199        6.7604985255682462E-038   4.1738878725617189E-032
   3.2358405232429455        6.7604985255682462E-038   9.3081387737291809E-032
   3.2672564506530710        6.7604985255682462E-038   1.6343046173068934E-031
   3.2986723780631966        6.7604985255682462E-038   2.5130150437935493E-031
   3.3300883054733221        6.7604985255682462E-038   3.5484972216519226E-031
   3.3615042328834477        6.7604985255682462E-038   4.7191556256731902E-031
   3.3929201602935732        6.7604985255682462E-038   6.0007752609960489E-031
   3.4243360877036988        6.7604985255682462E-038   7.3671085452641833E-031
   3.4557520151138243        6.7604985255682462E-038   8.7905044302428352E-031
   3.4871679425239499        6.7604985255682462E-038   1.0242562212970339E-030
   3.5185838699340755        6.7604985255682462E-038   1.1694792005949694E-030
   3.5499997973442010        6.7604985255682462E-038   1.3119263913157140E-030
   3.5814157247543266        6.7604985255682462E-038   1.4489228586085668E-030
   3.6128316521644521        6.7604985255682462E-038   1.5779692985840789E-030
   3.6442475795745777        6.7604985255682462E-038   1.6967936810488184E-030
   3.6756635069847032        6.7604985255682462E-038   1.8033957102832747E-030
   3.7070794343948288        6.7604985255682462E-038   1.8960830960479790E-030
   3.7384953618049543        6.7604985255682462E-038   1.9734988944304220E-030
   3.7699112892150799        6.7604985255682462E-038   2.0346394632179343E-030
   3.8013272166252055        6.7604985255682462E-038   2.0788628695935661E-030
   3.8327431440353310        6.7604985255682462E-038   2.1058878793411502E-030
   3.8641590714454566        6.7604985255682462E-038   2.1157839368278932E-030
   3.8955749988555821        6.7604985255682462E-038   2.1089528047313374E-030
   3.9269909262657077        6.7604985255682462E-038   2.0861027635299526E-030
   3.9584068536758332        6.7604985255682462E-038   2.0482164660136804E-030
   3.9898227810859588        6.7604985255682462E-038   1.9965136956538567E-030
   4.0212387084960843        6.7604985255682462E-038   1.9324103852831473E-030
   4.0526546359062099        6.7604985255682462E-038   1.8574753115130828E-030
   4.0840705633163354        6.7604985255682462E-038   1.7733858897297265E-030
   4.1154864907264610        6.7604985255682462E-038   1.6818844551732339E-030
   4.1469024181365866        6.7604985255682462E-038   1.5847363300409830E-030
   4.1783183455467121        6.7604985255682462E-038   1.4836908488655297E-030
   4.2097342729568377        6.7604985255682462E-038   1.3804463501471758E-030
   4.2411502003669632        6.7604985255682462E-038   1.2766199481236136E-030
   4.2725661277770888        6.7604985255682462E-038   1.1737226823570004E-030
   4.3039820551872143        6.7604985255682462E-038   1.0731404129099381E-030
   4.3353979825973399        6.7604985255682462E-038   9.7612059403197569E-031
   4.3668139100074654        6.7604985255682462E-038   8.8376482830068783E-031
   4.3982298374175910        6.7604985255682462E-038   7.9702688459693196E-031
   4.4296457648277165        6.7604985255682462E-038   7.1671566510251440E-031
   4.4610616922378421        6.7604985255682462E-038   6.4350243578410248E-031
   4.4924776196479677        6.7604985255682462E-038   5.7793149754511771E-031
   4.5238935470580932        6.7604985255682462E-038   5.2043337603364525E-031
   4.5553094744682188        6.7604985255682462E-038   4.7133955014497043E-031
   4.5867254018783443        6.7604985255682462E-038   4.3089772411161665E-031
   4.6181413292884699        6.7604985255682462E-038   3.9928667564720881E-031
   4.6495572566985954        6.7604985255682462E-038   3.7662978118751539E-031
   4.6809731841087210        6.7604985255682462E-038   3.6300642557832577E-031
   4.7123891115188465        6.7604985255682462E-038   3.5846064289174406E-031
   4.7438050389289721        6.7604985255682462E-038   3.6300650145838778E-031
   4.7752209663390977        6.7604985255682462E-038   3.7662993271018673E-031
   4.8066368937492232        6.7604985255682462E-038   3.9928690230718969E-031
   4.8380528211593488        6.7604985255682462E-038   4.3089802507666249E-031
   4.8694687485694743        6.7604985255682462E-038   4.7133992417139869E-031
   4.9008846759795999        6.7604985255682462E-038   5.2043382136123931E-031
   4.9323006033897254        6.7604985255682462E-038   5.7793201177750516E-031
   4.9637165307998510        6.7604985255682462E-038   6.4350301576172128E-031
   4.9951324582099765        6.7604985255682462E-038   7.1671630677600733E-031
   5.0265483856201021        6.7604985255682462E-038   7.9702758290922744E-031
   5.0579643130302276        6.7604985255682462E-038   8.8376557708606682E-031
   5.0893802404403532        6.7604985255682462E-038   9.7612138594012224E-031
   5.1207961678504788        6.7604985255682462E-038   1.0731412393623129E-030
   5.1522120952606043        6.7604985255682462E-038   1.1737235335418887E-030
   5.1836280226707299        6.7604985255682462E-038   1.2766208130348938E-030
   5.2150439500808554        6.7604985255682462E-038   1.3804472166703109E-030
   5.2464598774909810        6.7604985255682462E-038   1.4836917039125469E-030
   5.2778758049011065        6.7604985255682462E-038   1.5847371597342969E-030
   5.3092917323112321        6.7604985255682462E-038   1.6818852450762285E-030
   5.3407076597213576        6.7604985255682462E-038   1.7733866251200420E-030
   5.3721235871314832        6.7604985255682462E-038   1.8574759776927122E-030
   5.4035395145416087        6.7604985255682462E-038   1.9324109679176758E-030
   5.4349554419517343        6.7604985255682462E-038   1.9965141811317174E-030
   5.4663713693618599        6.7604985255682462E-038   2.0482168418150401E-030
   5.4977872967719854        6.7604985255682462E-038   2.0861030185939635E-030
   5.5292032241821110        6.7604985255682462E-038   2.1089529298099410E-030
   5.5606191515922365        6.7604985255682462E-038   2.1157839248142904E-030
   5.5920350790023621        6.7604985255682462E-038   2.1058877255612456E-030
   5.6234510064124876        6.7604985255682462E-038   2.0788625720494908E-030
   5.6548669338226132        6.7604985255682462E-038   2.0346390227737727E-030
   5.6862828612327387        6.7604985255682462E-038   1.9734983149317809E-030
   5.7176987886428643        6.7604985255682462E-038   1.8960823843687865E-030
   5.7491147160529898        6.7604985255682462E-038   1.8033948762952801E-030
   5.7805306434631154        6.7604985255682462E-038   1.6967927375115282E-030
   5.8119465708732410        6.7604985255682462E-038   1.5779682609552598E-030
   5.8433624982833665        6.7604985255682462E-038   1.4489217447778794E-030
   5.8747784256934921        6.7604985255682462E-038   1.3119252212665065E-030
   5.9061943531036176        6.7604985255682462E-038   1.1694779960015535E-030
   5.9376102805137432        6.7604985255682462E-038   1.0242550050668968E-030
   5.9690262079238687        6.7604985255682462E-038   8.7904923879657884E-031
   6.0004421353339943        6.7604985255682462E-038   7.3670968613962095E-031
   6.0318580627441198        6.7604985255682462E-038   6.0007641704237697E-031
   6.0632739901542454        6.7604985255682462E-038   4.7191453542739432E-031
   6.0946899175643710        6.7604985255682462E-038   3.5484879809137185E-031
   6.1261058449744965        6.7604985255682462E-038   2.5130070257154476E-031
   6.1575217723846221        6.7604985255682462E-038   1.6342979897228165E-031
   6.1889376997947476        6.7604985255682462E-038   9.3080877983098334E-032
   6.2203536272048732        6.7604985255682462E-038   4.1738532757084383E-032
   6.2517695546149987        6.7604985255682462E-038   1.0490390585158730E-032
   6.2831854820251243        6.7604985255682462E-038   6.7605310773269771E-038
