           1           1  -3.6175276107996979E-009
           1           2  -6.5586895643151973E-009
           1           3  -1.1772788645556234E-008
           1           4  -2.0921782088924954E-008
           1           5  -3.6810783106947860E-008
           1           6  -6.4122211775621473E-008
           1           7  -1.1058570392475372E-007
           1           8  -1.8881936578476511E-007
           1           9  -3.1919136763618360E-007
           1          10  -5.3421096231732603E-007
           1          11  -8.8517982943126641E-007
           1          12  -1.4521359514308049E-006
           1          13  -2.3585229217581588E-006
           1          14  -3.7925383432827730E-006
           1          15  -6.0377748544045485E-006
           1          16  -9.5165800182643715E-006
           1          17  -1.4850529816358642E-005
           1          18  -2.2943519972129607E-005
           1          19  -3.5094188342724744E-005
           1          20  -5.3145611994558255E-005
           1          21  -7.9681348930488288E-005
           1          22  -1.1827773466366991E-004
           1          23  -1.7382265276934516E-004
           1          24  -2.5291046744555808E-004
           1          25  -3.6432107116289315E-004
           1          26  -5.1958766363962531E-004
           1          27  -7.3365254344282145E-004
           1          28  -1.0256025191999012E-003
           1          29  -1.4194653171677246E-003
           1          30  -1.9450355674296028E-003
           1          31  -2.6386838825113996E-003
           1          32  -3.5440858748417080E-003
           1          33  -4.7127908207661761E-003
           1          34  -6.2045336797732263E-003
           1          35  -8.0871813884765605E-003
           1          36  -1.0436197202866546E-002
           1          37  -1.3333507975191523E-002
           1          38  -1.6865671155789703E-002
           1          39  -2.1121263112217386E-002
           1          40  -2.6187449348633138E-002
           1          41  -3.2145750462900850E-002
           1          42  -3.9067083706520726E-002
           1          43  -4.7006235517697975E-002
           1          44  -5.5996000217647147E-002
           1          45  -6.6041297332054535E-002
           1          46  -7.7113646591484258E-002
           1          47  -8.9146426867419470E-002
           1          48 -0.10203136474324592     
           1          49 -0.11561668312310622     
           1          50 -0.12970728573598475     
           1          51 -0.14406725850739752     
           1          52 -0.15842483655140105     
           1          53 -0.17247982334241474     
           1          54 -0.18591326792816995     
           1          55 -0.19839902162230286     
           1          56 -0.20961662425584451     
           1          57 -0.21926482887163073     
           1          58 -0.22707497822603756     
           1          59 -0.23282340866791179     
           1          60 -0.23634208388716160     
           1          61 -0.23752675351260041     
           1          62 -0.23634208388716171     
           1          63 -0.23282340866791179     
           1          64 -0.22707497822603767     
           1          65 -0.21926482887163082     
           1          66 -0.20961662425584468     
           1          67 -0.19839902162230300     
           1          68 -0.18591326792817020     
           1          69 -0.17247982334241493     
           1          70 -0.15842483655140130     
           1          71 -0.14406725850739777     
           1          72 -0.12970728573598492     
           1          73 -0.11561668312310641     
           1          74 -0.10203136474324612     
           1          75  -8.9146426867419679E-002
           1          76  -7.7113646591484383E-002
           1          77  -6.6041297332054633E-002
           1          78  -5.5996000217647245E-002
           1          79  -4.7006235517698031E-002
           1          80  -3.9067083706520754E-002
           1          81  -3.2145750462900885E-002
           1          82  -2.6187449348633162E-002
           1          83  -2.1121263112217400E-002
           1          84  -1.6865671155789717E-002
           1          85  -1.3333507975191535E-002
           1          86  -1.0436197202866560E-002
           1          87  -8.0871813884765727E-003
           1          88  -6.2045336797732368E-003
           1          89  -4.7127908207661804E-003
           1          90  -3.5440858748417114E-003
           1          91  -2.6386838825114057E-003
           1          92  -1.9450355674296110E-003
           1          93  -1.4194653171677321E-003
           1          94  -1.0256025191999088E-003
           1          95  -7.3365254344282785E-004
           1          96  -5.1958766363963062E-004
           1          97  -3.6432107116289808E-004
           1          98  -2.5291046744556177E-004
           1          99  -1.7382265276934817E-004
           1         100  -1.1827773466367230E-004
           1         101  -7.9681348930489996E-005
           1         102   3.6558639153304079E-004
           1         103   2.8480671924000616E-005
           1         104  -1.2755302042637560E-002
           1         105   1.6026392492106978E-006
           1         106   8.5031860848992745E-003
           1         107  -7.2076550912420154E-006
           1         108  -1.2798874989437628E-003
           1         109   1.0229332404662824E-004
           1         110   1.1625083223859459E-005
           1         111   3.9864478374029228E-005
           1         112  -4.4260663153123592E-006
           1         113   3.6064360251269334E-007
           1         114  -2.7710112347887288E-006
           1         115  -2.9982505185840280E-006
           1         116  -2.5577165706341703E-007
           1         117  -3.1283851661790869E-007
           1         118   1.4964777888622678E-007
           1         119   2.1593186030493766E-007
           1         120   2.4455649985306919E-007
           1         121   1.7783110844693632E-007
           1         122   7.1124999363626909E-008
           1         123  -7.3255085933408716E-008
           1         124   5.5539261671064128E-008
           1         125   1.5341578634043320E-008
           1         126  -7.6612839381286413E-008
           1         127   2.2420782536182506E-009
           1         128  -2.2831135209822251E-008
           1         129   6.5385141302522418E-008
           1         130  -3.6461567562251904E-009
           1         131   1.8208071319265570E-007
           1         132  -1.6422355185478948E-007
           1         133   2.6271205372511810E-007
           1         134   5.2594547583360792E-007
           1         135   1.2052919290709236E-007
           1         136  -4.3790362664224081E-007
           1         137   3.3537067028771656E-007
           1         138   2.8039278064708368E-007
           1         139  -9.9741613670981663E-007
           1         140  -2.2430492124142708E-007
           1         141   1.7063498997928566E-006
           1         142   2.5827393339639143E-007
           1         143   1.1549757416465732E-006
           1         144  -3.7537789953252256E-006
           1         145  -2.7935448182338254E-007
           1         146  -1.5778994909931353E-006
           1         147  -4.6237072747098087E-006
           1         148  -1.5967084064753567E-006
           1         149   6.0293757429750075E-007
           1         150   2.8869710811499740E-006
           1         151   2.9964477824573789E-006
           1         152   2.0339533876738701E-006
           1         153   1.0092220619883461E-006
           1         154  -4.6908742404718880E-006
           1         155  -2.3305425331205311E-006
           1         156  -1.3165282947548990E-005
           1         157   7.8317644438906026E-006
           1         158   2.3355377411804323E-006
           1         159  -8.5680040123822322E-007
           1         160   5.2586269921459290E-006
           1         161  -1.3629501050972337E-005
           1         162   4.6132415646845972E-006
           1         163   3.0978614475264022E-006
           1         164   1.4396694167667393E-005
           1         165  -7.1510289294363253E-006
           1         166  -5.4887637477483620E-007
           1         167   7.6950037517333295E-006
           1         168  -4.6981692018405561E-007
           1         169   3.3205596594765059E-006
           1         170  -3.4905604511758066E-006
           1         171  -4.2276338541354543E-006
           1         172  -5.9789635533120360E-006
           1         173   2.4266894420794530E-006
           1         174  -1.5161118202826445E-007
           1         175  -4.1287671871209926E-006
           1         176   9.3499724898595452E-007
           1         177   3.1257224177545567E-006
           1         178  -3.6447851901643283E-007
           1         179  -2.6905232462817424E-006
           1         180   1.1926095370277089E-007
           1         181  -1.7128378690491226E-006
           1         182   9.6890183437586900E-007
           1         183  -2.6519539357318408E-006
           1         184   5.8069833710309514E-007
           1         185   6.5128063642264104E-007
           1         186  -5.5970534375169613E-007
           1         187  -7.3406164067105673E-007
           1         188  -8.1976020637472296E-007
           1         189   6.2087791567492913E-008
           1         190  -5.2563169148075769E-008
           1         191  -9.4411194086932632E-008
           1         192  -3.7738088563544961E-008
           1         193  -1.2745562664461210E-007
           1         194   4.5497495406262217E-008
           1         195   3.6697684377359571E-008
           1         196  -4.3164237252223073E-008
           1         197  -4.9648887033536765E-008
           1         198  -4.0441566908641134E-008
           1         199  -4.7658685773728247E-008
           1         200  -8.1751415753296267E-007
           1         201   1.1320253429782103E-006
           1         202  -7.9860140895109007E-006
           1         203   4.3474439191203986E-004
           1         204  -9.3069711524762774E-005
           1         205   2.3136109277034128E-005
           1         206  -3.3183310929224226E-002
           1         207  -2.0396261255817876E-004
           1         208 -0.19581731235232142     
           1         209  -4.5896531990939675E-004
           1         210   3.3477269357315945E-002
           1         211   1.3825002239285730E-006
           1         212  -3.2614728872518682E-006
           1         213   7.8645668890212136E-006
           1         214   9.0023134296932792E-006
           1         215   2.0414877951646626E-005
           1         216  -9.6307837048656511E-006
           1         217  -6.9437037452260659E-005
           1         218  -1.8573242431546958E-005
           1         219   4.9618102356067590E-005
           1         220   5.2769940932918233E-005
           1         221  -4.7833740932604260E-005
           1         222  -2.1991520463583350E-004
           1         223  -4.2122800710963650E-004
           1         224  -1.7324941817172426E-003
           1         225  -3.9673589266193699E-005
           1         226   1.7656970344178894E-003
           1         227   2.2672106831062651E-003
           1         228   1.0112908769550016E-003
           1         229  -5.0566254495592027E-003
           1         230  -3.4233917195175042E-003
           1         231   1.2400072636354780E-003
           1         232   3.3691967792422511E-003
           1         233   1.1492970817018233E-002
           1         234  -7.7292386549554512E-003
           1         235  -2.9420091817936526E-002
           1         236   2.3630669686990437E-002
           1         237   7.1606412006002373E-002
           1         238  -6.8732595628459431E-002
           1         239  -4.8444950141857970E-002
           1         240  -1.8576658985883336E-002
           1         241   2.8039136268081060E-002
           1         242 -0.20841523031915249     
           1         243 -0.15945863783442496     
           1         244 -0.11878617313344381     
           1         245   1.4484456862751113E-002
           1         246   5.1427986904804227E-002
           1         247  0.12465112315532992     
           1         248  0.17547009677564332     
           1         249  0.14037473545403120     
           1         250  -9.5134172482118931E-002
           1         251 -0.23808302208594406     
           1         252  0.13387459225949536     
           1         253 -0.16685645119402068     
           1         254 -0.13845993188141500     
           1         255  -6.9131642410154445E-002
           1         256   1.2289977690472451E-002
           1         257  -1.2941389518645041E-002
           1         258  0.15466547495418664     
           1         259   4.5374254888759749E-002
           1         260   7.5740840028131556E-002
           1         261 -0.14491690377481581     
           1         262  -5.0884693270595235E-002
           1         263   3.2203662711809272E-002
           1         264  -2.3642641078359256E-002
           1         265   1.4765776409366648E-002
           1         266  0.31060671314073646     
           1         267  0.15863920002316234     
           1         268 -0.25442991585084163     
           1         269 -0.10726782198746490     
           1         270 -0.32239315626217641     
           1         271  -9.9679315292705323E-002
           1         272   9.8583024755675347E-002
           1         273  -1.7740560825526951E-002
           1         274  0.28854592760832209     
           1         275   8.2413664960689706E-002
           1         276   4.5015197263897078E-002
           1         277 -0.10479788684020502     
           1         278  0.27492024119239722     
           1         279 -0.12988496819828199     
           1         280   9.5364618877769342E-002
           1         281  0.15980950671771305     
           1         282  0.10887990611449794     
           1         283   3.0175708010966720E-002
           1         284 -0.11956399009967818     
           1         285   1.9238308319276580E-002
           1         286  0.10683058813305840     
           1         287  -5.2987994336743970E-002
           1         288  -5.8120368493730784E-002
           1         289  -2.8848713195423037E-002
           1         290  -4.8853603061711770E-002
           1         291  -1.4880442910516344E-002
           1         292  -1.5262969826036893E-002
           1         293  -8.7780118223990068E-004
           1         294  -1.4514731570943178E-002
           1         295   1.0339140095886273E-003
           1         296   8.1997412313267615E-003
           1         297  -5.6328388815675519E-003
           1         298  -1.5423195406105380E-003
           1         299   5.4110124704199276E-004
           1         300  -2.6538063821304816E-003
           1         301   5.0764587464383365E-002
           1         302  -4.8109176870900959E-002
           1         303  0.11756489285540969     
           1         304   1.4897694834925613E-004
           1         305  -7.3408925469848582E-005
           1         306   1.2337993688337396E-005
           1         307   3.4791358550459110E-002
           1         308  -8.1962258987800307E-005
           1         309  -6.7414901540497341E-002
           1         310  -1.3625475559317298E-004
           1         311   1.3754493618026059E-002
           1         312  -4.2717227111020616E-006
           1         313   6.6683904022666122E-006
           1         314  -1.9993941111770369E-005
           1         315  -4.3630513659783318E-006
           1         316  -5.2837237883748021E-005
           1         317  -3.3609812896299789E-005
           1         318   7.9424846169548049E-005
           1         319   6.4330926823489431E-005
           1         320  -2.3975230636408761E-004
           1         321  -3.3158586267833807E-004
           1         322  -3.5940810095024022E-004
           1         323   3.7409300276147604E-004
           1         324   5.0560753827036463E-004
           1         325   4.6447247179436857E-003
           1         326  -1.5349319487469908E-004
           1         327  -3.5538985997562852E-003
           1         328  -3.7684475302669071E-003
           1         329  -3.5831221606748278E-003
           1         330   1.8476645076430633E-002
           1         331   1.3904934550939720E-002
           1         332  -2.7269794377744266E-003
           1         333  -2.1401961487567477E-002
           1         334  -3.3466417879988580E-002
           1         335  -2.2024426797925695E-004
           1         336   1.0215924265980909E-002
           1         337   2.8370311564997822E-002
           1         338  -2.0263913325175107E-002
           1         339   2.6284022952435052E-002
           1         340  -9.6774740738419136E-003
           1         341   2.5765894355580490E-002
           1         342  -1.9726021236329602E-002
           1         343 -0.10314623212897066     
           1         344  -5.7047483738325673E-003
           1         345 -0.19404521470182340     
           1         346 -0.18644944407128342     
           1         347 -0.13091344011612163     
           1         348  -3.3623649561115814E-004
           1         349   8.6357832771747314E-002
           1         350  0.23758031872391466     
           1         351  -3.9332177374015190E-002
           1         352   4.1531371366559426E-002
           1         353   2.2737653800039052E-002
           1         354   3.6936723679909336E-003
           1         355  -3.8453139580743104E-002
           1         356  -4.1754670941095721E-003
           1         357  0.11565778193078942     
           1         358   8.0119363378823305E-002
           1         359   4.4997878141878771E-002
           1         360   2.3496850394424722E-002
           1         361  -1.4016296133449643E-002
           1         362   2.8898963863712646E-002
           1         363   2.4627859270094517E-003
           1         364   8.9388621759546039E-003
           1         365  -2.0168840786836097E-002
           1         366   1.9981400611059567E-002
           1         367   1.7998838648197377E-003
           1         368  -7.7118787286181045E-002
           1         369  -4.5178891922191995E-002
           1         370  -1.0876475718856587E-002
           1         371  0.13093199901737385     
           1         372   6.0165915749502471E-003
           1         373  -9.6403472331386700E-002
           1         374  -6.0219588566707845E-002
           1         375 -0.11666319496971068     
           1         376   8.2243613909003976E-002
           1         377  -7.8025836740409901E-002
           1         378  -9.5320728187239273E-002
           1         379  -8.7359201988376850E-002
           1         380   6.4065076667060031E-002
           1         381  -3.6659664170505903E-002
           1         382 -0.16897326350397218     
           1         383   7.8746285961675863E-002
           1         384   8.1613044054147196E-002
           1         385  -4.7838266436386480E-002
           1         386  -2.3194452415046678E-002
           1         387   1.4638772048657161E-003
           1         388  -1.3600806074152146E-002
           1         389  -7.6082378403261059E-003
           1         390   1.1667408129178772E-002
           1         391   6.2062760198410630E-002
           1         392  -1.8451216503052752E-002
           1         393   5.7642762759320808E-002
           1         394   8.7090231511435731E-003
           1         395   1.5441544653090888E-002
           1         396  -1.7880071778795109E-002
           1         397  -1.7627774731826713E-002
           1         398   1.1112677899319306E-002
           1         399  -1.3294265021735173E-003
           1         400  -3.1633498554121792E-003
           1         401   5.7315973088626461E-003
           1         402  -5.6133530363990216E-003
           1         403   1.0253562515261919E-002
           1         404  -9.5547657094990895E-003
           1         405  -7.8020263981408701E-005
           1         406   1.0767317722913489E-005
           1         407  -4.6452752426534461E-006
           1         408  -7.9359303935565145E-002
           1         409   2.9576117510234937E-005
           1         410 -0.10448210500158807     
           1         411   7.3914298891938961E-005
           1         412  -5.2413535598559245E-003
           1         413   2.3634111867873792E-006
           1         414  -7.0418485618173304E-006
           1         415   1.7008706351845091E-005
           1         416   8.6164141298236295E-006
           1         417   3.4224541256861694E-005
           1         418   1.1662297475107362E-005
           1         419  -8.0008906120742360E-005
           1         420  -4.1286098313013957E-005
           1         421   1.1360026813631865E-004
           1         422   1.4146041278530837E-004
           1         423   6.2892513858354500E-006
           1         424  -4.8495804531171067E-004
           1         425  -2.0384050469533321E-004
           1         426  -3.3469475666466739E-003
           1         427  -1.8673633455971604E-004
           1         428   3.3088604532253859E-003
           1         429   2.5387846603794144E-003
           1         430   1.7538433400231563E-004
           1         431  -1.4564616500043266E-002
           1         432  -8.3235773369687745E-003
           1         433   7.0662809768675403E-003
           1         434   2.9960876383421978E-003
           1         435   2.4913565197393857E-002
           1         436   2.3645804178806795E-004
           1         437  -5.3905623028660726E-002
           1         438  -7.1785343443025677E-003
           1         439   8.8362612328022422E-002
           1         440 -0.11490174466414384     
           1         441  -4.4417044502300954E-002
           1         442   1.6806250015081445E-002
           1         443   8.2586093546220013E-002
           1         444  -4.0239234145216976E-002
           1         445   1.0924009001261396E-002
           1         446  -5.5389847941278603E-002
           1         447   7.0675944987162453E-003
           1         448   5.1844342267460014E-002
           1         449 -0.26798254108804220     
           1         450  -4.0336386231642603E-002
           1         451  -6.4130174617952285E-002
           1         452  0.30014954046329878     
           1         453 -0.11158984638752363     
           1         454   6.7050753928508983E-002
           1         455  -1.9552189582568189E-002
           1         456  0.13539413996543345     
           1         457  -7.8251333202448758E-002
           1         458  0.10891589722732728     
           1         459 -0.16187601426637699     
           1         460  -3.8064720660898138E-002
           1         461  -8.6135497284405893E-002
           1         462   2.0270598493315528E-002
           1         463   6.1134981111068853E-002
           1         464  -3.8837919681227052E-002
           1         465  -1.3089760718315198E-002
           1         466   4.8661339375402901E-002
           1         467 -0.11343617303031540     
           1         468  -7.7827378304014339E-003
           1         469  0.11017021394107551     
           1         470   6.1731065493975903E-002
           1         471   3.9990503478138220E-002
           1         472 -0.21621785796724091     
           1         473   1.4391514309719593E-002
           1         474 -0.11250625485868389     
           1         475  0.11274749038387921     
           1         476  0.17850023918940885     
           1         477  -5.3351400633637131E-003
           1         478  -5.6732346268444499E-002
           1         479  0.13332624166270513     
           1         480   1.6507093870098449E-003
           1         481   9.9265399551566894E-002
           1         482   7.3698730924699390E-002
           1         483  -8.2326191841162161E-002
           1         484   4.8203291098795072E-002
           1         485   4.8978726233314639E-002
           1         486  -6.6011072569910900E-002
           1         487  -2.4576602541134751E-002
           1         488  0.13795309494462138     
           1         489  -2.5758233915009521E-002
           1         490  -3.9394417253923640E-002
           1         491  -7.8435702155560491E-002
           1         492  -8.7444369446819062E-002
           1         493   7.8467579590400134E-003
           1         494  -4.7678726898523795E-002
           1         495  -2.5799383184686043E-003
           1         496  -2.2597297802604006E-002
           1         497   5.7361419972357247E-003
           1         498   9.3728860484778333E-003
           1         499  -6.6740528553317132E-003
           1         500  -9.2202910979737637E-004
           1         501   1.5709999751458120E-003
 


           2           1  -4.1630003092693272E-003
           2           2  -4.8883353387437385E-003
           2           3   5.4702232185226986E-004
           2           4   5.1414749483814269E-002
           2           5  -1.4907801377380940E-004
           2           6   8.4511098882565850E-005
           2           7  -6.2239636346684590E-006
           2           8  0.14847980692063051     
           2           9   6.5168337360689457E-005
           2          10   1.0107237311191354E-002
           2          11   1.5680370129205008E-004
           2          12  -1.0735391593714422E-002
           2          13  -1.4417240030071585E-006
           2          14   4.0280793061948723E-006
           2          15  -8.5022252618679993E-006
           2          16  -7.8996091906421977E-006
           2          17  -1.6039743383098022E-005
           2          18   8.6008019654206231E-006
           2          19   5.7460157853447987E-005
           2          20   2.0981821867876853E-005
           2          21  -7.2312800677002410E-005
           2          22  -6.1186588956848060E-005
           2          23   7.5543319718042397E-005
           2          24   3.3693484866977562E-004
           2          25   3.6977928609709007E-004
           2          26   1.7415811784891959E-003
           2          27  -2.0612522338124802E-005
           2          28  -2.2688427610186679E-003
           2          29  -2.2628476108935676E-003
           2          30  -6.8519870124303709E-004
           2          31   8.2457249946346137E-003
           2          32   3.4734549954504659E-003
           2          33  -3.5140925057037071E-003
           2          34  -2.8081046159244261E-003
           2          35  -8.9044285038357533E-003
           2          36   5.4018591226236293E-003
           2          37   3.3810227130963162E-002
           2          38  -2.2364602403529589E-002
           2          39  -7.7136315935549316E-002
           2          40   7.3278213761126129E-002
           2          41   2.9595442227797624E-002
           2          42  -2.3502327009030113E-002
           2          43  -1.9358810575797251E-002
           2          44  0.15294779721959439     
           2          45  0.12129075804145963     
           2          46  0.15613547133890202     
           2          47  -4.7209444457258699E-002
           2          48  -3.6603438162663086E-002
           2          49 -0.21589253863884594     
           2          50  0.15257853411444228     
           2          51 -0.10881146057205977     
           2          52  0.11281243273131612     
           2          53 -0.10649018422139341     
           2          54  0.13846094045016352     
           2          55  -5.2345967803377365E-002
           2          56  -2.8424596589677730E-002
           2          57  -6.1813501061658248E-002
           2          58  0.10589438750767705     
           2          59  -9.4972819367527880E-003
           2          60  0.22146057007399525     
           2          61  0.15895832878141977     
           2          62   7.1526842547867666E-003
           2          63 -0.11611781478768018     
           2          64  0.14288521762506867     
           2          65   4.7955609044114354E-002
           2          66 -0.25208633296830341     
           2          67  -2.2680763310926804E-004
           2          68 -0.13564032938522844     
           2          69 -0.14895179730854513     
           2          70  0.11074778199359323     
           2          71 -0.14498012730614490     
           2          72 -0.10795924333436360     
           2          73  -1.1419701743634179E-002
           2          74   8.3000142872744861E-002
           2          75  -2.4058036928367868E-003
           2          76  0.10907525783306052     
           2          77  0.10358476257476419     
           2          78   3.5387651192874903E-002
           2          79  0.14425654632468662     
           2          80  -6.0653066626353065E-002
           2          81 -0.11421414887791959     
           2          82  -1.8382930816592161E-002
           2          83  -6.0743453812874958E-002
           2          84  -6.9549988075023259E-002
           2          85   4.5312946569455836E-002
           2          86   9.9575083168800080E-002
           2          87   2.0604184492427355E-003
           2          88 -0.13878209106959163     
           2          89   3.9754038423182717E-002
           2          90   5.0448407776120217E-002
           2          91   1.7489337501195808E-002
           2          92   5.9576790068991622E-002
           2          93   9.0352720200172765E-003
           2          94   3.4793071632721467E-002
           2          95   5.7900360850174299E-003
           2          96   1.4248708835528682E-002
           2          97  -2.0677442994267311E-003
           2          98  -6.2915323553806935E-003
           2          99   5.5680888878771794E-003
           2         100   1.3757368578204755E-003
           2         101  -1.1022728264240297E-003
           2         102   2.8587306749491902E-003
           2         103   4.9675079198403291E-002
           2         104  -5.0660413295402905E-002
           2         105  -3.8233473173630600E-002
           2         106  -1.2295374514247830E-002
           2         107  -7.8891467483875374E-003
           2         108  -6.8815681341496682E-003
           2         109   1.3152507709548341E-004
           2         110  -2.0881293077315441E-002
           2         111  -7.7074154988593933E-004
           2         112  -5.6913527668573452E-002
           2         113   8.1322392204954325E-002
           2         114  0.10346359701935241     
           2         115  0.45414984545573117     
           2         116   7.8363361144129756E-002
           2         117 -0.35677983221319326     
           2         118  0.10364219238075077     
           2         119  -3.0464242121737917E-002
           2         120  -1.4316268218245068E-002
           2         121   1.3738002626851469E-002
           2         122  -9.5259564665293693E-003
           2         123  -1.6072486875370582E-003
           2         124   4.9070369224639226E-004
           2         125  -4.4594619343292377E-003
           2         126   1.5931661560715093E-003
           2         127  -4.0680857445758647E-004
           2         128  -6.6728441580461077E-004
           2         129   1.2681880705384623E-004
           2         130  -8.6829892348773072E-004
           2         131   2.9258116827436136E-005
           2         132   7.0162268137370702E-005
           2         133   2.9741031618731002E-004
           2         134   2.3995521030742944E-005
           2         135   3.3086554088439192E-004
           2         136  -3.0971568998450655E-004
           2         137   4.4022264471082427E-004
           2         138   6.9120694660499262E-004
           2         139   1.9337060150352340E-004
           2         140  -4.8289339516265588E-004
           2         141   5.8474159738163640E-004
           2         142   4.4318741392192646E-004
           2         143  -1.3109206049500444E-003
           2         144  -4.5801114261905516E-004
           2         145   2.5904729133614524E-003
           2         146  -1.9061879760341049E-004
           2         147   1.7284590182581163E-003
           2         148  -5.2410037044803319E-003
           2         149  -5.5750432425241247E-004
           2         150  -1.4001352112760410E-003
           2         151  -6.6306248267843223E-003
           2         152  -3.1426232860857078E-003
           2         153   4.6006982753675570E-005
           2         154  -2.6253714425045644E-004
           2         155   1.6168684880333935E-005
           2         156   1.1692300473792718E-004
           2         157   3.4515459745930677E-004
           2         158   4.0033163733999255E-004
           2         159   2.8572071371402852E-004
           2         160   1.1275660579060526E-003
           2         161  -2.5531380267744021E-004
           2         162  -2.6175818462306267E-004
           2         163   2.1389027267788507E-004
           2         164  -3.1522474731346533E-005
           2         165   1.1078840766621458E-003
           2         166   6.4005592284945069E-005
           2         167   8.5523916266816191E-005
           2         168  -8.1345540237181147E-004
           2         169   9.9234986763236050E-004
           2         170   1.3987924167372192E-004
           2         171  -3.8602070530981505E-004
           2         172   4.4783274431139594E-004
           2         173   3.6028697918941675E-004
           2         174   3.4945632282025381E-004
           2         175   4.0639356258361030E-004
           2         176   5.7507001336311260E-004
           2         177   2.0419311503388617E-004
           2         178  -1.6164941996549292E-004
           2         179   2.5520621473322681E-004
           2         180   2.0132571635610112E-004
           2         181   2.6953865463170333E-004
           2         182  -1.7388791606897213E-004
           2         183   2.5730239920879417E-004
           2         184   1.8959239065503263E-005
           2         185  -1.2433010058902634E-005
           2         186   1.1289396567045479E-004
           2         187   1.8213869517628892E-005
           2         188   1.6238332698262433E-005
           2         189   7.8678910727060336E-006
           2         190   1.4573028284707112E-005
           2         191  -4.7565062112560236E-007
           2         192   2.4678148027634512E-005
           2         193   1.0382354280377972E-005
           2         194  -4.3158927005796177E-005
           2         195   5.5086319740039974E-005
           2         196  -5.5264301503445933E-005
           2         197   9.0614755267589474E-005
           2         198  -2.1320925503904553E-004
           2         199   5.9760308942812647E-005
           2         200  -2.1081956910122161E-004
           2         201  -1.6073918389459253E-004
           2         202  -4.9105911258836774E-004
           2         203  -1.0801161708257872E-003
           2         204   8.3391942242183367E-005
           2         205  -1.5785135185142932E-004
           2         206  -7.2036719994313428E-004
           2         207  -2.7546061990711609E-004
           2         208  -9.9473008430125956E-005
           2         209  -1.8464424631377727E-005
           2         210  -1.2078568022166957E-002
           2         211   1.3180752970768113E-004
           2         212  -1.3285318062856627E-002
           2         213   2.4755682738942798E-004
           2         214  -2.1252703601427052E-002
           2         215   3.6553014917166020E-005
           2         216  -3.6761420666077550E-005
           2         217   1.3033766276955081E-004
           2         218   2.3684192896830323E-005
           2         219   3.6623513080655690E-004
           2         220   3.0372730416733661E-004
           2         221  -7.2347029662804790E-004
           2         222  -5.2178480552506859E-004
           2         223   2.0361100362688623E-003
           2         224   3.1120587762237745E-003
           2         225   3.7674854583738078E-003
           2         226  -1.3700730405152451E-003
           2         227  -2.2815589698276157E-003
           2         228  -3.5560168923801531E-002
           2         229   3.6628296382971005E-004
           2         230   7.6790767872101208E-004
           2         231   4.8361075229958694E-002
           2         232   2.6005886878280676E-002
           2         233 -0.14899875967254808     
           2         234  -9.7254418664373107E-002
           2         235  -3.9112153448847983E-002
           2         236   3.1575996237597312E-002
           2         237  0.21809816373310453     
           2         238  0.13004780388587719     
           2         239   9.0008723000481655E-002
           2         240  -5.1210181371111656E-002
           2         241 -0.25559769752235972     
           2         242  0.10879606148080107     
           2         243  -6.0895342887509175E-002
           2         244  -8.9859746478571575E-002
           2         245 -0.17301360483303313     
           2         246  0.26458056232757965     
           2         247  -9.8643112727492821E-002
           2         248   1.4155093321771450E-002
           2         249 -0.23664779177400533     
           2         250   8.5837927043056678E-002
           2         251  -6.1789260460974417E-002
           2         252   9.9008942820882087E-002
           2         253   2.5950873909514581E-002
           2         254  -2.5473809857920929E-002
           2         255   2.1738940173500932E-003
           2         256   1.1900003323861803E-003
           2         257  -2.1567726915897780E-002
           2         258  -2.4770327455374483E-002
           2         259   3.8778898920917078E-002
           2         260   4.0261365945959922E-002
           2         261  -6.2321021917383724E-003
           2         262  -4.9324861644980372E-002
           2         263   2.5163744315579648E-003
           2         264  -2.1359979815472260E-002
           2         265  -2.8031034525898219E-003
           2         266   1.2066201849785284E-002
           2         267   2.8055956497558487E-002
           2         268  -1.7145862442126961E-002
           2         269  -5.6643444872137415E-003
           2         270   2.3444786475776695E-002
           2         271   2.5250718890704162E-002
           2         272   2.9831853558725210E-002
           2         273  -3.8385912794272989E-002
           2         274  -2.4013926842837204E-002
           2         275  -9.9794602159835235E-003
           2         276   5.0006976371929614E-002
           2         277   3.3442169164512758E-002
           2         278  -2.9163083395904031E-002
           2         279  -8.2971866990722329E-002
           2         280  -2.8725831198071865E-002
           2         281   8.6543161214543307E-002
           2         282   7.8111430322748990E-002
           2         283  0.12927250870253734     
           2         284  -5.1685554633322930E-002
           2         285  -2.3320310742161100E-002
           2         286  -8.3135736118439274E-003
           2         287 -0.29164866226067976     
           2         288 -0.34827645832024895     
           2         289  0.15018487660913502     
           2         290  0.31697521367255566     
           2         291   9.6582167855187265E-002
           2         292 -0.18445243128240094     
           2         293  0.25348151166262622     
           2         294  0.18136230216525948     
           2         295 -0.11863330014319245     
           2         296  -9.4313363037405312E-002
           2         297  -1.4960965088683338E-002
           2         298  -3.1671825422189319E-002
           2         299  0.12765756497953443     
           2         300  0.10697733613736024     
           2         301  -6.7771556460024640E-002
           2         302   3.0849144131327468E-002
           2         303   7.0628395855159842E-003
           2         304  -4.9743118953902737E-002
           2         305  -2.7942023074618052E-004
           2         306   5.5261967000557366E-004
           2         307  -9.5546043115442934E-003
           2         308   3.1875343256694951E-004
           2         309  -1.6534452932119944E-004
           2         310   1.9896558688071040E-005
           2         311   2.1851167896390827E-002
           2         312  -1.6987567610201730E-004
           2         313  0.16724718726202858     
           2         314  -3.3263239587948942E-004
           2         315   2.8017882076544664E-002
           2         316   1.5720590369978224E-005
           2         317  -1.6034949231242307E-005
           2         318   5.5372721863006454E-005
           2         319   1.9071153181735333E-005
           2         320   1.3758539351932462E-004
           2         321   1.0894939914223001E-004
           2         322  -2.6077427144385564E-004
           2         323  -1.9912269426651980E-004
           2         324   6.2346607200714063E-004
           2         325   8.8991646821253920E-004
           2         326   1.3329963468761707E-003
           2         327  -7.2040269468554464E-004
           2         328  -1.5963936741571242E-003
           2         329  -1.2788044591668922E-002
           2         330  -1.1241370440511472E-003
           2         331   3.6089948189701737E-003
           2         332   1.2658958292449032E-002
           2         333   9.7230880029196727E-003
           2         334  -5.0146688748441720E-002
           2         335  -4.3285382553865798E-002
           2         336   7.6503434119171935E-003
           2         337   5.3909301207594025E-002
           2         338   6.8708084000766473E-002
           2         339   1.1225439619681941E-002
           2         340  -3.6656195860439236E-002
           2         341  -8.9289106690152331E-002
           2         342   4.4608840698355887E-003
           2         343  0.10270290495261099     
           2         344  -1.6561190527699398E-003
           2         345  -3.5522786518956982E-002
           2         346  -9.1580770612565240E-002
           2         347 -0.19552681189731214     
           2         348  0.19071492051300182     
           2         349  0.18579580207479873     
           2         350  0.26221870173901146     
           2         351 -0.33674405285035247     
           2         352  -1.6936711643470399E-002
           2         353   5.7112727749332362E-002
           2         354   8.4500363721124086E-002
           2         355  -3.2851454907910811E-002
           2         356   1.9634936478790072E-002
           2         357  0.17733354294767928     
           2         358 -0.13939864907204919     
           2         359   9.8716573988767417E-002
           2         360  -9.5332546667295428E-003
           2         361   2.1211919750657598E-002
           2         362  -3.4314932205536022E-003
           2         363  -7.7618827546337171E-002
           2         364  -3.8128837130230421E-003
           2         365  -3.3465775855501138E-002
           2         366  -7.0875445261112779E-002
           2         367  -1.2502960273924823E-002
           2         368   8.7327233745886287E-002
           2         369  -7.6380457494192477E-002
           2         370   2.4387845776520624E-002
           2         371  -2.4225596401942703E-002
           2         372   6.1031239985971757E-002
           2         373   2.2975263815521326E-003
           2         374  -6.7249141872478560E-002
           2         375   7.8442169721979774E-002
           2         376  -6.8748668931906218E-002
           2         377  -7.2294528501674329E-003
           2         378   6.8441596306964184E-002
           2         379 -0.10899149065347591     
           2         380  -1.1423483659921593E-002
           2         381 -0.16250971686809615     
           2         382   7.5150171439304164E-002
           2         383  0.33459467223347711     
           2         384  0.21192182939167303     
           2         385   5.2110209316757099E-003
           2         386 -0.12174300108128266     
           2         387  -9.0132245627532040E-002
           2         388  -3.0420666314021551E-002
           2         389 -0.14913606884210912     
           2         390  -1.3865266836108336E-003
           2         391  -5.1700999124981301E-002
           2         392   3.7640341874552841E-002
           2         393  0.10042082605355111     
           2         394 -0.11579848908618939     
           2         395  -9.8347367466234223E-002
           2         396   5.9367546427142627E-002
           2         397 -0.13006732024249834     
           2         398  -1.5423124535719200E-002
           2         399  -1.4188802189609856E-003
           2         400   4.1401231244239743E-002
           2         401   4.6484321614963763E-002
           2         402  -3.2767986747117256E-002
           2         403   4.5425613440710820E-003
           2         404   6.4799175091322979E-003
           2         405  -1.9951747206553766E-002
           2         406  -2.1236345859712322E-002
           2         407   2.0759141797605928E-002
           2         408  0.12583662416241931     
           2         409  -3.2607829116929635E-004
           2         410  -7.3079945272991325E-006
           2         411  -1.5264290768964351E-005
           2         412   3.5992020856439468E-002
           2         413   1.3474260663651311E-004
           2         414  -1.5635518529417310E-002
           2         415   3.3164948727285276E-004
           2         416  -2.2182401776867533E-002
           2         417   1.5100845610951264E-005
           2         418  -1.5419959189104313E-005
           2         419   5.0227786241680193E-005
           2         420   1.1009959633105994E-005
           2         421   1.4083809211254606E-004
           2         422   1.1174808930703894E-004
           2         423  -2.3453341634752269E-004
           2         424  -1.5925587742089532E-004
           2         425   6.6829860223953559E-004
           2         426   9.0850058990148694E-004
           2         427   1.2987197493555390E-003
           2         428  -7.6360096122123251E-004
           2         429  -1.1632160325851626E-003
           2         430  -1.1622156670276447E-002
           2         431  -2.6825678043137889E-004
           2         432   1.9715324835402107E-003
           2         433   1.1660564282285856E-002
           2         434   1.1078953573661929E-002
           2         435  -4.9222192809678919E-002
           2         436  -4.2519557924699171E-002
           2         437   1.2444299926778557E-002
           2         438   4.8843986238058426E-002
           2         439   4.7270950933982085E-002
           2         440   3.1390549054461529E-002
           2         441   1.0160246506032908E-002
           2         442  -5.1677833796251349E-002
           2         443  -5.9624206780415211E-002
           2         444  0.11012490752470014     
           2         445  -7.5715204404178754E-002
           2         446   2.0165110451025488E-002
           2         447 -0.18350741055653078     
           2         448 -0.18883584516244958     
           2         449  0.14247901224593607     
           2         450  0.24286025299976161     
           2         451 -0.19474218559384143     
           2         452  0.33753429855896944     
           2         453  0.11549716002652818     
           2         454 -0.17677648726929063     
           2         455  -9.0719174727149521E-002
           2         456   9.2565842048749486E-002
           2         457  0.12196523975517398     
           2         458  -4.1898271548023301E-002
           2         459   8.5878173175510473E-003
           2         460   1.8148324450697878E-003
           2         461  -9.7174933426732016E-002
           2         462  -1.7238092722231618E-002
           2         463   5.7040037465338533E-002
           2         464   2.1160294063117119E-002
           2         465   2.9737074923734445E-002
           2         466   4.3443118818216969E-002
           2         467  -2.7536438514049744E-002
           2         468  -3.8045251544386864E-002
           2         469  -8.4299318376999235E-002
           2         470   3.0862369328325624E-002
           2         471   2.1576604334135278E-002
           2         472   9.4381557553086699E-003
           2         473   4.0566774128475242E-003
           2         474  -5.2453081845108031E-002
           2         475   2.7005543417289085E-002
           2         476   2.2965676710716268E-002
           2         477   9.7285468922134924E-002
           2         478   6.6646250943343116E-002
           2         479  -3.9906383281477179E-002
           2         480   1.2700527854399526E-002
           2         481  0.13043298578343593     
           2         482 -0.12893136155991328     
           2         483  -8.5267487465984573E-002
           2         484 -0.13623542467111124     
           2         485 -0.35868977100771893     
           2         486  0.18333137230949353     
           2         487 -0.20813283463976132     
           2         488   4.3909899476767600E-002
           2         489  0.24656113629502271     
           2         490 -0.21219588900377845     
           2         491  -2.4391986332830323E-002
           2         492   6.5096055172952763E-002
           2         493   7.9526788238901233E-002
           2         494   2.1928251196671356E-002
           2         495  -9.5584509131323075E-002
           2         496  -2.6757124992096617E-002
           2         497   4.6650598173863647E-002
           2         498 -0.10162617062358775     
           2         499  -2.0972402697044513E-002
           2         500  -7.3756519069973266E-003
           2         501   3.9899801446438322E-002
 


           3           1   3.8659140209035568E-002
           3           2  -2.8831506313710523E-002
           3           3   6.3963871184324660E-003
           3           4   4.7676030232752268E-003
           3           5  -1.7725898806646968E-002
           3           6   8.0844465623598344E-003
           3           7  -1.0787987564355749E-002
           3           8  -1.1128425939957706E-002
           3           9   2.8770802318186220E-005
           3          10   1.2391520468411327E-004
           3          11   3.5152208257381311E-006
           3          12   5.4401952259569737E-003
           3          13  -1.5472243353985980E-005
           3          14  -4.9634746874428481E-003
           3          15  -4.6430393701277755E-006
           3          16   1.9658485573421257E-003
           3          17  -2.6980810154649986E-005
           3          18   3.2134977237893608E-005
           3          19  -1.0683673467002596E-004
           3          20  -4.1105083387799724E-005
           3          21  -2.6036687094001807E-004
           3          22  -2.8228365434147177E-004
           3          23   5.6919483843727986E-004
           3          24   4.1979008865653395E-004
           3          25  -1.6302368764304299E-003
           3          26  -2.1856256462886585E-003
           3          27  -2.9341964321707163E-003
           3          28   9.8341851323379792E-004
           3          29   1.3868014011306257E-003
           3          30   3.1020206739479719E-002
           3          31   2.7637505200913772E-003
           3          32  -1.0796832404282547E-004
           3          33  -3.6571041173841586E-002
           3          34  -1.4846322686892217E-002
           3          35  0.12817450061867305     
           3          36   8.2213407712439485E-002
           3          37   4.6834367886165754E-002
           3          38  -2.4150331615520836E-002
           3          39 -0.18872864102600928     
           3          40   1.4521867718984113E-002
           3          41   1.3945409579259693E-002
           3          42   3.7363869231102184E-003
           3          43   7.7585571303220760E-002
           3          44  0.27588290517469805     
           3          45  -9.5136519271035280E-002
           3          46  0.25083962170785074     
           3          47 -0.44810992216857515     
           3          48  0.20178786139075219     
           3          49  -5.3163178744805820E-002
           3          50  -2.8733114933321192E-002
           3          51   7.4324171103469533E-002
           3          52 -0.13254802772352203     
           3          53   2.7274844576664334E-002
           3          54   6.9499386680026171E-002
           3          55  -4.1454592353772829E-002
           3          56   1.7502307913979196E-002
           3          57  -2.6893986821555912E-002
           3          58   2.4616644732556682E-002
           3          59   1.2862137042720654E-002
           3          60  -1.0851706597214210E-002
           3          61   2.0928631127712028E-002
           3          62   2.3509369076655233E-002
           3          63   2.5494013013013982E-002
           3          64   1.5293745155141706E-003
           3          65  -8.5243880120575658E-003
           3          66  -2.1328358324127918E-002
           3          67  -8.1802902977375135E-004
           3          68  -1.4218612005925637E-002
           3          69  -1.3392463844116409E-002
           3          70  -2.7718760822002590E-002
           3          71   1.4146504163357184E-003
           3          72  -6.9341430113862958E-003
           3          73  -2.6229805850115574E-002
           3          74  -2.7152247471505030E-002
           3          75   5.2015921354021969E-003
           3          76   2.5013879781578645E-002
           3          77  -4.0241912339744508E-003
           3          78  -3.0935350292180194E-002
           3          79  -1.9117581394251730E-002
           3          80   3.8122870219689686E-002
           3          81   5.0299537209466819E-003
           3          82  -3.1889795178564488E-002
           3          83   6.8273230014707746E-003
           3          84  -3.9330323596924691E-002
           3          85   1.3041988580269960E-002
           3          86   2.8164185526164339E-002
           3          87  0.10352749132785308     
           3          88 -0.11060896959338853     
           3          89  0.15931129807574759     
           3          90  0.15659650185999191     
           3          91  0.13431658730581011     
           3          92  0.52057978436965269     
           3          93 -0.15285587999284150     
           3          94   1.4797345065564814E-002
           3          95  -1.9742209447666477E-002
           3          96 -0.17109095582630185     
           3          97  0.19443383516620172     
           3          98  -4.8215991082854411E-002
           3          99  -1.3406590024474004E-002
           3         100   4.4796459683959310E-002
           3         101  -7.9071359388211124E-002
           3         102  -9.4164340744992359E-002
           3         103   4.5170205763786685E-002
           3         104  -4.7437839352687458E-002
           3         105  -5.7243118149900383E-003
           3         106   4.1266769466720150E-002
           3         107   2.5051186145882832E-003
           3         108  -1.6428256265142208E-003
           3         109  -3.9151244924234075E-003
           3         110  -2.2234769500485238E-002
           3         111   3.3006473960234305E-004
           3         112   6.3113672602141124E-002
           3         113   1.1864023781373006E-005
           3         114   9.1868391474937028E-002
           3         115  -5.1647527709886052E-005
           3         116  -3.7069330953751985E-002
           3         117   5.7631822446238881E-004
           3         118   1.2258591911813233E-004
           3         119  -2.7666214583199953E-005
           3         120   2.4764514665885100E-005
           3         121   4.0722334678762406E-005
           3         122   3.7169098954538651E-005
           3         123   2.6118760007946771E-006
           3         124   1.5227844572163523E-005
           3         125   6.6916709437638814E-006
           3         126  -2.2414815634463679E-006
           3         127   2.7597948950654308E-006
           3         128   5.1001355157591108E-006
           3         129   2.4945290416461203E-006
           3         130  -8.4318336951220278E-007
           3         131   1.0239980508736492E-006
           3         132   4.8815789169154139E-007
           3         133  -2.0850188351454662E-007
           3         134   1.2616495131697003E-007
           3         135   4.5225526407268713E-008
           3         136  -2.5271444061245422E-007
           3         137   3.2549623920787328E-007
           3         138   2.6203090154567329E-008
           3         139   7.8919040407668859E-007
           3         140  -6.7496713640079513E-007
           3         141   1.0235393413694988E-006
           3         142   2.2656937277470403E-006
           3         143   3.9681367081780114E-007
           3         144  -2.0292980829606855E-006
           3         145   1.0862901711747460E-006
           3         146   1.0426039297885702E-006
           3         147  -4.2454887433492653E-006
           3         148  -5.5726673144594322E-007
           3         149   6.4658569847789434E-006
           3         150   2.3561485518793111E-006
           3         151   4.4057381587611605E-006
           3         152  -1.5302075832764415E-005
           3         153  -6.9721665235883992E-007
           3         154  -8.3401327676430267E-006
           3         155  -1.8438192852701753E-005
           3         156  -4.2784484628143877E-006
           3         157   4.3693477024254954E-006
           3         158   2.2500603825446496E-005
           3         159   2.1876382723010126E-005
           3         160   1.5185294491849361E-005
           3         161   7.2887524403885940E-006
           3         162  -3.7104590443953139E-005
           3         163  -1.8331202065773122E-005
           3         164  -1.0361009080033283E-004
           3         165   5.9759713702948698E-005
           3         166   1.8844793939458049E-005
           3         167  -8.7156729864623041E-006
           3         168   4.0627023275473721E-005
           3         169  -1.0708246872050997E-004
           3         170   3.5706316132125794E-005
           3         171   2.2180369319818205E-005
           3         172   1.1313751031524054E-004
           3         173  -5.6366346453439066E-005
           3         174  -5.6263812873336272E-006
           3         175   6.1200436728429730E-005
           3         176  -3.7226961162647285E-006
           3         177   2.4805714255473889E-005
           3         178  -2.7935393328132975E-005
           3         179  -3.3514702109251101E-005
           3         180  -4.7426465027318163E-005
           3         181   1.8466360599552106E-005
           3         182  -2.9816672510827602E-007
           3         183  -3.2686623482706197E-005
           3         184   7.1159694236162392E-006
           3         185   2.3133461672328209E-005
           3         186  -2.5774135726426157E-006
           3         187  -2.1316823529786686E-005
           3         188   5.7654633254249511E-007
           3         189  -1.3151929778334617E-005
           3         190   7.0406377724586397E-006
           3         191  -2.0313787716161213E-005
           3         192   4.3476251222996582E-006
           3         193   4.8962508690073620E-006
           3         194  -4.2386286819474984E-006
           3         195  -5.6555466557584035E-006
           3         196  -6.2405952759312127E-006
           3         197   3.7968969596261773E-007
           3         198  -4.0813059504632855E-007
           3         199  -7.5254427624346606E-007
           3         200  -2.9900481426923483E-007
           3         201  -9.7303746164134633E-007
           3         202   2.2286471366051142E-007
           3         203   2.8282664507457294E-008
           3         204  -2.1321733268806417E-007
           3         205  -8.0495218205215030E-009
           3         206  -7.2929252127130256E-007
           3         207   4.3934592774232329E-007
           3         208  -9.9525917381614586E-006
           3         209   7.7724135996896731E-006
           3         210  -5.7720579664831112E-005
           3         211   9.3058956619629948E-005
           3         212  -1.0263455212805823E-004
           3         213   5.6510723948364882E-007
           3         214   9.7651234499632842E-003
           3         215  -2.8778659351183506E-005
           3         216   2.8501993766229559E-002
           3         217  -1.2437755154367304E-004
           3         218   5.2212638722286099E-003
           3         219   2.6838437811587625E-005
           3         220  -2.5711719956556877E-005
           3         221   9.4857272614126386E-005
           3         222   3.0146208753168393E-005
           3         223   2.7248244322873019E-004
           3         224   1.9561715925376776E-004
           3         225  -3.5848859225207693E-004
           3         226  -2.6364462619054836E-004
           3         227   1.3010154066891140E-003
           3         228   1.8070119793991853E-003
           3         229   2.1493202979551906E-003
           3         230  -1.0455576769978412E-003
           3         231  -1.7220503272313079E-003
           3         232  -2.0692645645410322E-002
           3         233   1.6130570165821415E-003
           3         234   4.3739654064466572E-003
           3         235   2.3068752700266419E-002
           3         236   1.6907308040258986E-002
           3         237  -9.7420350125721644E-002
           3         238  -7.0835656126888830E-002
           3         239   1.0605835084132924E-002
           3         240   7.1739598531276191E-002
           3         241   7.9346218775031105E-002
           3         242  0.11419389125931265     
           3         243  -7.1078371382461833E-003
           3         244  -3.3596310893414701E-002
           3         245 -0.15965742230310745     
           3         246   8.4491399823684227E-002
           3         247  0.16680488906424457     
           3         248  0.14590348292995306     
           3         249   4.4614505793196563E-002
           3         250  -4.5001481819190454E-002
           3         251 -0.61633910977100870     
           3         252 -0.12818707788783029     
           3         253   6.2955224371128660E-002
           3         254  0.11741724848476150     
           3         255  -5.6536012435811279E-002
           3         256  -2.6153232745327302E-002
           3         257   2.4817700309829653E-002
           3         258   5.7358404038543073E-002
           3         259   7.9759990780990993E-003
           3         260   6.8666999038133128E-002
           3         261   2.1976433859575959E-002
           3         262   5.7991788412086083E-003
           3         263   1.1939280770962866E-002
           3         264   3.3927778425654892E-002
           3         265   3.2446777442549903E-002
           3         266   1.7889560127730398E-002
           3         267   1.5801099011189958E-002
           3         268   5.8265008299141136E-002
           3         269   8.5568678979377876E-003
           3         270   1.6894049394611373E-002
           3         271   6.1574932254715648E-004
           3         272  -2.2186826115074925E-002
           3         273   2.0315965345555978E-003
           3         274  -2.4157776832597129E-002
           3         275  -3.8739494120187422E-002
           3         276  -3.7745550218882184E-004
           3         277   2.4435272455249006E-002
           3         278   3.3044658640071804E-003
           3         279   8.7748755728111454E-003
           3         280  -3.0722575385979410E-002
           3         281  -5.7518501599498013E-002
           3         282  -6.5760113055152267E-002
           3         283   4.0513913828847531E-002
           3         284   6.5626875481354791E-002
           3         285   1.3805684323037871E-002
           3         286  0.11717367833397588     
           3         287  -6.4616557089411455E-002
           3         288   3.8318733785983696E-003
           3         289 -0.23966391619746980     
           3         290 -0.42389098536687864     
           3         291   4.6865678328657512E-003
           3         292  0.14187646022542189     
           3         293 -0.25788822161426717     
           3         294  -2.7449510978195264E-002
           3         295  -1.1395007311992505E-002
           3         296   4.6581326376083157E-002
           3         297 -0.13493163427677704     
           3         298  -2.5295355251447785E-002
           3         299   9.0624968752025511E-002
           3         300 -0.13876076504629553     
           3         301  -2.6177287635218798E-002
           3         302  -3.7077114470836572E-002
           3         303   7.8103995606027002E-002
           3         304   9.1428636597008825E-002
           3         305  -4.7625523427983305E-002
           3         306   1.2767046319488358E-002
           3         307   5.3713590953794388E-003
           3         308  -2.9625752334089376E-002
           3         309   4.2751300265652173E-003
           3         310  -4.2634336955503782E-003
           3         311   2.3633947085556977E-002
           3         312   2.6954622324999001E-004
           3         313  -1.8862080220534679E-005
           3         314   1.2974914853231392E-005
           3         315   3.6049966649283481E-003
           3         316  -1.0421128662948007E-004
           3         317   4.8647835295034435E-002
           3         318  -2.7350920099212942E-004
           3         319   1.7775029982164590E-002
           3         320  -4.0261315531998954E-006
           3         321   1.2406016291586489E-005
           3         322  -2.5491683486180132E-005
           3         323  -1.2492638003186687E-005
           3         324  -6.5944107204958971E-005
           3         325  -3.6168071612675930E-005
           3         326   1.1794400153477031E-004
           3         327   4.9709764606062846E-005
           3         328  -1.6460263840297008E-004
           3         329  -4.1051898947296273E-004
           3         330  -1.7777654734156781E-004
           3         331   6.8049351695197993E-004
           3         332   2.3015545386011904E-004
           3         333   5.7034057776413028E-003
           3         334  -1.3606506898322871E-004
           3         335  -4.9430567632654399E-003
           3         336  -4.1679794496121570E-003
           3         337  -1.3259664260402231E-003
           3         338   2.6068147917178777E-002
           3         339   9.1275926438344288E-003
           3         340  -8.5244058654184683E-003
           3         341  -1.2767102457053606E-002
           3         342  -3.5245586384123194E-002
           3         343  -1.8502956283186382E-002
           3         344   4.0880678571073928E-002
           3         345   4.0054796321416133E-002
           3         346  -8.1228599624268455E-002
           3         347  0.13975285944507984     
           3         348   3.4456737940378193E-002
           3         349   1.2719379991833630E-002
           3         350 -0.10759467419308759     
           3         351 -0.18139671369789137     
           3         352 -0.11445717527796696     
           3         353   4.9698003741331556E-002
           3         354  0.21077601167488469     
           3         355  0.23093479553342150     
           3         356 -0.18604393657243015     
           3         357  -2.6391561199474767E-002
           3         358  0.11200935647172248     
           3         359  -5.9730680166814688E-002
           3         360  -9.7573931298828687E-002
           3         361  0.17549315029563034     
           3         362  -5.9807841497649436E-002
           3         363 -0.14134684101461659     
           3         364  -1.5585289309626221E-002
           3         365   4.1823172145265021E-002
           3         366  0.12060595282012776     
           3         367   1.5842146141045487E-003
           3         368   5.9561512089079657E-002
           3         369   1.9793924256653710E-002
           3         370 -0.13881554828076340     
           3         371  -4.9341426345607946E-002
           3         372   4.7118108270785920E-002
           3         373  -6.9494476917935324E-002
           3         374  0.13797520363012789     
           3         375   2.3141063149489754E-002
           3         376  -5.8106469352705838E-002
           3         377  -3.5093574766825869E-002
           3         378  -2.4913942832682862E-002
           3         379  -9.2943595035918196E-003
           3         380   2.9362295810921408E-003
           3         381   5.6632601822479652E-002
           3         382  -7.8533374592947749E-002
           3         383 -0.13240468883788065     
           3         384   4.4037418530944464E-002
           3         385   1.7273460158918597E-003
           3         386  -1.7164692457902815E-002
           3         387 -0.18986763110470048     
           3         388  0.23853863400436895     
           3         389   8.4540720685540152E-002
           3         390  0.13617616570386681     
           3         391  0.11734462967765534     
           3         392   6.6388438189966828E-002
           3         393  -2.6604293392438354E-002
           3         394   7.6457007643979780E-002
           3         395  -7.5435935814192875E-002
           3         396   4.6144380692598935E-002
           3         397   5.2967107490212918E-002
           3         398   7.7172608004023854E-002
           3         399  0.10849176202202734     
           3         400  -4.3250163864455952E-002
           3         401   6.1266792893891385E-002
           3         402  -4.3228189700182350E-003
           3         403   3.2356088551541685E-002
           3         404  -1.3108788904235544E-002
           3         405  -2.1241036967480597E-002
           3         406   1.1591600598436063E-002
           3         407   3.8339106588671174E-004
           3         408  -4.2672223228351260E-003
           3         409   6.7363144709914292E-003
           3         410   8.6635703495283965E-003
           3         411  -7.7500112989293234E-003
           3         412  -6.0388853377907815E-002
           3         413   1.1060564982740330E-004
           3         414  -8.0233491840530583E-003
           3         415  -1.2346037411024762E-004
           3         416  -5.0157028544800632E-005
           3         417   3.1053925264954671E-004
           3         418  -1.5429796355147734E-004
           3         419  -1.4460182770734255E-003
           3         420  -1.0210923122915226E-003
           3         421   3.0375221464640207E-004
           3         422  -2.2672621352209498E-004
           3         423   8.5451257751553468E-003
           3         424   1.1979115232262550E-002
           3         425   2.1445732220295555E-002
           3         426   8.8766688415803721E-003
           3         427  -5.2252808945173028E-002
           3         428  -1.9394488016949062E-002
           3         429   5.3453223322460823E-002
           3         430   4.3371488767576898E-002
           3         431   5.9396176338169064E-003
           3         432   1.9933017034253177E-002
           3         433  -3.6929089298866007E-002
           3         434   3.5265454031551046E-003
           3         435 -0.39182261718485278     
           3         436 -0.10710044715988665     
           3         437   6.3233776732823668E-002
           3         438  -4.0724641768354178E-002
           3         439   4.0014404200597174E-002
           3         440  -3.7525523295903391E-003
           3         441   3.8418854300088135E-003
           3         442   7.8158223027693010E-003
           3         443  -6.9906927126910838E-003
           3         444   1.0074977907839438E-002
           3         445   4.0184079936360206E-003
           3         446  -2.3347832260564318E-003
           3         447   6.1209834072963704E-004
           3         448  -2.3218895158572199E-003
           3         449  -3.9202837156535725E-004
           3         450   7.4105668113173481E-004
           3         451  -5.3385010868763918E-004
           3         452   9.5503745547305705E-005
           3         453  -4.6224377442660562E-004
           3         454  -6.7049529352561192E-004
           3         455   6.5516082447494872E-004
           3         456  -6.6351437014164103E-005
           3         457   1.8765076772530068E-004
           3         458   1.1871695972637664E-004
           3         459  -1.3019974570399701E-004
           3         460  -4.0364866927913512E-005
           3         461  -1.2696885150918685E-004
           3         462   2.9466272071622206E-004
           3         463   1.7848470583519037E-004
           3         464   4.2337852608562817E-005
           3         465  -9.0400563192037862E-005
           3         466   6.1422121752025531E-005
           3         467   5.2241690966259514E-005
           3         468   2.1428374584605564E-005
           3         469  -2.0964051657796192E-006
           3         470   1.0151165443363962E-004
           3         471  -7.6266186158203671E-005
           3         472  -1.6708995164999001E-005
           3         473  -5.3554463081070820E-005
           3         474   6.2914047273674085E-005
           3         475   1.0905868717625220E-005
           3         476  -7.7892272233512472E-005
           3         477  -4.6179704423277467E-005
           3         478  -1.3420727364372417E-004
           3         479   6.8234348207677289E-005
           3         480  -1.1170870585383498E-004
           3         481  -4.3448083784853595E-005
           3         482  -1.4490213879080519E-004
           3         483  -4.7202386019768918E-005
           3         484   7.7634769026381335E-005
           3         485   1.7876774800889120E-005
           3         486   2.4602361708625270E-005
           3         487  -7.4704351157250137E-005
           3         488  -2.0777258840568626E-004
           3         489   9.2386316481010973E-005
           3         490  -1.3055187430673369E-004
           3         491   4.4590686409792145E-004
           3         492   1.0106541151532375E-004
           3         493   4.7843102231861644E-005
           3         494   1.7000045582022704E-003
           3         495  -7.5478425816688087E-005
           3         496   5.1478459056093751E-004
           3         497  -1.5692917653101440E-004
           3         498  -2.4431363746917562E-003
           3         499  -2.6860630575660568E-003
           3         500   6.4514839557601309E-005
           3         501  -3.8807538682032841E-004
 


