v 20130925 2
T 57300 70500 5 10 0 0 0 0 1
device=RESISTOR
T 57000 70100 8 10 0 1 0 0 1
pins=2
T 57000 70100 8 10 0 1 0 0 1
class=DISCRETE
C 57500 70700 1 0 0 EMBEDDEDbattery-1.sym
[
P 57500 70900 57700 70900 1 0 0
{
T 57650 70950 5 8 1 1 0 6 1
pinnumber=1
T 57700 70850 5 8 0 1 0 8 1
pinseq=1
T 57700 70900 9 8 0 1 0 0 1
pinlabel=+
T 57850 70900 5 8 0 1 0 2 1
pintype=pwr
}
P 58200 70900 58000 70900 1 0 0
{
T 58050 70950 5 8 1 1 0 0 1
pinnumber=2
T 58050 70850 5 8 0 1 0 2 1
pinseq=2
T 58000 70900 9 8 0 1 0 6 1
pinlabel=-
T 57850 70900 5 8 0 1 0 8 1
pintype=pwr
}
L 57800 71100 57800 70700 3 0 0 0 -1 -1
L 57900 71000 57900 70800 3 0 0 0 -1 -1
L 58000 70900 57900 70900 3 0 0 0 -1 -1
L 57700 70900 57800 70900 3 0 0 0 -1 -1
T 57800 71600 5 10 0 0 0 0 1
device=BATTERY
T 57800 71200 8 10 0 1 0 0 1
refdes=B?
T 57800 71800 5 10 0 0 0 0 1
description=Battery
T 57800 71400 5 10 0 0 0 0 1
numslots=0
T 57800 72000 5 10 0 0 0 0 1
symversion=0.1
]
{
T 57800 71600 5 10 0 0 0 0 1
device=BATTERY
T 57800 71200 5 10 1 1 0 0 1
refdes=10
T 57800 72000 5 10 0 0 0 0 1
symversion=0.1
}
C 57500 70200 1 0 0 EMBEDDEDresistor-1.sym
[
L 58100 70400 58000 70200 3 0 0 0 -1 -1
L 58000 70200 57900 70400 3 0 0 0 -1 -1
L 57900 70400 57800 70200 3 0 0 0 -1 -1
L 57800 70200 57700 70400 3 0 0 0 -1 -1
L 58100 70400 58200 70200 3 0 0 0 -1 -1
L 58200 70200 58250 70300 3 0 0 0 -1 -1
P 58400 70300 58250 70300 1 0 0
{
T 58300 70350 5 8 0 1 0 0 1
pinnumber=2
T 58300 70350 5 8 0 0 0 0 1
pinseq=2
T 58300 70350 5 8 0 1 0 0 1
pinlabel=2
T 58300 70350 5 8 0 1 0 0 1
pintype=pas
}
P 57500 70300 57652 70300 1 0 0
{
T 57600 70350 5 8 0 1 0 0 1
pinnumber=1
T 57600 70350 5 8 0 0 0 0 1
pinseq=1
T 57600 70350 5 8 0 1 0 0 1
pinlabel=1
T 57600 70350 5 8 0 1 0 0 1
pintype=pas
}
L 57701 70400 57650 70300 3 0 0 0 -1 -1
T 57800 70600 5 10 0 0 0 0 1
device=RESISTOR
T 57700 70500 8 10 0 1 0 0 1
refdes=R?
T 57500 70200 8 10 0 1 0 0 1
pins=2
T 57500 70200 8 10 0 1 0 0 1
class=DISCRETE
]
{
T 57800 70600 5 10 0 0 0 0 1
device=RESISTOR
T 57700 70500 5 10 1 1 0 0 1
refdes=1
}
N 57500 70900 57500 70300 4
N 58400 70300 58400 70900 4
N 58400 70900 58200 70900 4
